100698
32848
84298
104580
38041
158017
8448
99366
102696
26184
132370
140310
92442
33874
168532
67681
133440
132360
65920
164868
165124
135496
90690
37008
104800
17512
2304
74002
35409
21658
92676
90496
16801
153984
76098
82560
4230
22150
83494
16516
71826
169042
166225
98833
168978
131158
90112
92250
169092
18720
157249
90216
84129
8454
84486
165270
98596
169572
106852
42006
38049
75048
5248
585
135204
71976
92416
104548
66201
153096
34212
156678
37381
147520
104997
25624
131457
106584
24865
84096
24649
17028
24666
131493
157272
135585
33864
165957
39333
40977
6246
84502
24612
84066
33817
17946
39444
10585
83584
84370
38400
37906
39301
84064
1129
66153
18448
17544
67585
139668
147528
135681
6496
156772
17953
37990
25992
150096
103465
18454
106578
33168
72100
18528
151680
70297
26692
33030
17536
33882
34833
65562
81952
99400
132244
16518
149826
41541
38934
103077
168997
9318
132496
32916
164176
71970
65538
37398
82
25092
4758
149505
152722
82597
75264
65542
133401
140884
18465
4674
4482
148513
38544
38182
75334
25161
33088
100948
169989
100674
140676
148506
103014
99402
169062
71272
140550
8592
39169
42073
102976
10497
36996
131154
99493
6720
100740
26200
24832
21124
153606
107028
9733
84001
92232
100672
34905
18949
84042
140881
74260
1152
103818
24601
153121
167958
27153
90244
2073
148486
21145
84562
131649
73750
73825
67906
98913
1449
153928
37476
71752
135558
102694
33049
66072
69786
67878
84258
4761
103008
72196
156960
1432
135561
27225
75777
156049
168976
22528
157977
136342
151938
37986
67237
2649
41049
18597
74086
140385
156676
148608
131089
92196
33114
38274
16968
41556
24930
102658
74245
37249
68101
4225
75396
136729
20644
6660
67138
155905
23140
168229
156690
149529
90402
16642
25236
131329
131346
16905
70305
33048
135186
5512
164229
5797
4362
131473
67728
67972
91426
153001
16966
25152
140880
168201
139333
22560
41041
37890
37921
76134
90625
5256
140292
107586
8536
2436
147556
18969
67876
65866
18981
153253
98320
4488
17794
24646
108645
5776
91300
164929
83490
164884
167940
100752
41061
147546
70150
8596
34072
39270
75796
6472
136737
81930
6214
18754
104518
358
72229
9637
9478
39238
135333
18534
613
132612
73857
164118
168193
136833
42277
165142
8256
102504
73732
72064
4104
104514
108625
82596
136584
42372
100710
33189
10833
1170
82314
42070
102790
19045
149140
66196
18457
152970
164241
66073
25093
148482
4194
165477
75844
73990
103968
169492
169108
99369
90378
107908
6210
5538
38052
147873
71334
8212
90520
18505
43329
135780
2320
26118
98377
5761
22554
6234
131094
65958
24642
132517
42513
75792
169348
70824
8196
169060
18537
99594
82024
16912
8785
102561
99720
517
537
152089
20518
4096
36873
6145
135240
170580
66121
148554
137536
108564
38422
156744
75793
18016
20610
148746
36889
65824
22552
8457
99973
131652
39204
149137
5634
27216
5254
17929
82473
9313
10516
6276
38928
136357
92434
66177
9288
151681
169030
153088
74304
104592
2644
6678
26704
104593
74022
4624
152614
1540
37926
100369
18729
70816
151588
35136
6657
66054
168465
108096
1090
140692
83977
148777
152136
99330
157252
25168
9364
35169
84264
2457
105046
132358
140889
132
169477
140377
148864
106842
21030
42516
155749
74826
4608
99465
139521
32850
136345
18760
26640
148873
106788
73830
42564
9504
19012
139585
92560
72280
153600
103593
98313
137478
19017
109125
576
73728
1446
73881
149025
70162
39057
18841
43077
106518
23112
361
18690
107784
151618
22888
137233
100690
140293
82498
165393
24928
81994
147856
168196
137473
1122
25233
136836
73810
16422
18834
73752
147817
36870
67584
153750
136224
100005
108900
5161
98341
155713
169552
10566
135264
529
139281
70666
18577
34885
19030
17958
66688
136198
2068
170004
74241
132102
71776
6724
109140
38020
149889
330
107685
2137
83976
151696
156001
131653
168018
153748
75010
67168
98310
98449
2328
1600
139524
70
140709
100932
132384
64
65569
17410
39441
83593
67609
71202
104601
157248
33028
102438
98712
156774
256
0
