102793
75409
87586
141397
76105
75049
25930
107878
39013
72082
107920
88105
131605
75412
99625
39193
137488
16774
107941
155974
88072
36961
153862
107905
88486
103570
65953
170257
140614
103954
104809
99682
75352
104521
107794
136474
107602
104857
165208
107881
164245
133141
137560
107668
168214
26884
38248
83608
67849
86056
108118
157957
169537
137365
88198
151942
86050
148900
169369
168265
22918
9568
104722
6757
88642
37270
6745
6424
99736
86674
153946
26020
6721
86566
107842
157030
137620
140641
102802
108052
36937
16678
170581
140608
135442
100741
105061
88576
88585
6544
34120
